,Epoch,Train_Loss
0,0.0,4.024825096130371
1,1.0,3.145622968673706
2,2.0,3.246155261993408
3,3.0,3.1788196563720703
4,4.0,3.0548043251037598
5,5.0,3.0159788131713867
6,6.0,3.0736870765686035
7,7.0,2.9333252906799316
8,8.0,2.9154207706451416
9,9.0,2.9941914081573486
10,10.0,2.9070138931274414
11,11.0,2.8814330101013184
12,12.0,2.85605788230896
13,13.0,2.8775360584259033
14,14.0,2.8273799419403076
15,15.0,2.7946720123291016
16,16.0,2.796628475189209
17,17.0,2.8448028564453125
18,18.0,2.7700915336608887
19,19.0,2.7478389739990234
20,20.0,2.732639789581299
21,21.0,2.7288269996643066
22,22.0,2.734518527984619
23,23.0,2.7059133052825928
24,24.0,2.665799379348755
25,25.0,2.736194610595703
26,26.0,2.662092924118042
27,27.0,2.624490261077881
28,28.0,2.659940004348755
29,29.0,2.68607234954834
30,30.0,2.6127922534942627
31,31.0,2.6095714569091797
32,32.0,2.635815143585205
33,33.0,2.6671478748321533
34,34.0,2.6220862865448
35,35.0,2.558690071105957
36,36.0,2.5822229385375977
37,37.0,2.5548975467681885
38,38.0,2.5799953937530518
39,39.0,2.5527830123901367
40,40.0,2.586489677429199
41,41.0,2.5001070499420166
42,42.0,2.5427393913269043
43,43.0,2.639510154724121
44,44.0,2.514406204223633
45,45.0,2.5045289993286133
46,46.0,2.5096957683563232
47,47.0,2.4768052101135254
48,48.0,2.406966209411621
49,49.0,2.457886219024658
50,50.0,2.5329225063323975
51,51.0,2.452737331390381
52,52.0,2.4419379234313965
53,53.0,2.3982112407684326
54,54.0,2.4266631603240967
55,55.0,2.417194366455078
56,56.0,2.4869182109832764
57,57.0,2.3836169242858887
58,58.0,2.430649518966675
59,59.0,2.4593629837036133
60,60.0,2.4361114501953125
61,61.0,2.36336088180542
62,62.0,2.3739993572235107
63,63.0,2.381880760192871
64,64.0,2.2673490047454834
65,65.0,2.345322370529175
66,66.0,2.297102689743042
67,67.0,2.308863639831543
68,68.0,2.265716552734375
69,69.0,2.4253580570220947
70,70.0,2.4059479236602783
71,71.0,2.3726704120635986
72,72.0,2.2657361030578613
73,73.0,2.2990260124206543
74,74.0,2.344266176223755
75,75.0,2.359044313430786
76,76.0,2.1605427265167236
77,77.0,2.3648509979248047
78,78.0,2.330528497695923
79,79.0,2.2054338455200195
80,80.0,2.216221809387207
81,81.0,2.3654613494873047
82,82.0,2.324587106704712
83,83.0,2.1914968490600586
84,84.0,2.2306275367736816
85,85.0,2.252758502960205
86,86.0,2.254304885864258
87,87.0,2.3432915210723877
88,88.0,2.3007798194885254
89,89.0,2.2599432468414307
90,90.0,2.232428789138794
91,91.0,2.2142016887664795
92,92.0,2.2523033618927
93,93.0,2.2582428455352783
94,94.0,2.2465550899505615
95,95.0,2.2381534576416016
96,96.0,2.154564142227173
97,97.0,2.2197353839874268
98,98.0,2.1636288166046143
99,99.0,2.2382280826568604
100,100.0,2.194753646850586
101,101.0,2.1597211360931396
102,102.0,2.1568264961242676
103,103.0,2.19814133644104
104,104.0,2.22148060798645
105,105.0,2.201690673828125
106,106.0,2.1511027812957764
107,107.0,2.174527883529663
108,108.0,2.132305145263672
109,109.0,2.138120412826538
110,110.0,2.1108198165893555
111,111.0,2.184103012084961
112,112.0,2.0942935943603516
113,113.0,2.095477342605591
114,114.0,2.0897276401519775
115,115.0,2.1795265674591064
116,116.0,2.1485397815704346
117,117.0,2.086937665939331
118,118.0,2.1488277912139893
119,119.0,2.1702237129211426
120,120.0,2.145928382873535
121,121.0,2.1880788803100586
122,122.0,2.0880722999572754
123,123.0,2.08587384223938
124,124.0,2.0324811935424805
125,125.0,2.0357987880706787
126,126.0,2.1422252655029297
127,127.0,2.0876004695892334
128,128.0,2.1065385341644287
129,129.0,2.1574835777282715
130,130.0,2.0587215423583984
131,131.0,2.058884859085083
132,132.0,2.064650535583496
133,133.0,2.0713560581207275
134,134.0,2.0861294269561768
135,135.0,2.126603603363037
136,136.0,2.048006772994995
137,137.0,2.0828471183776855
138,138.0,2.0726263523101807
139,139.0,2.0630345344543457
140,140.0,1.9846307039260864
141,141.0,1.9718221426010132
142,142.0,1.9352962970733643
143,143.0,2.050328493118286
144,144.0,2.0235989093780518
145,145.0,2.059603452682495
146,146.0,1.9844880104064941
147,147.0,2.0044150352478027
148,148.0,2.0611143112182617
149,149.0,2.0605084896087646
150,150.0,2.0492374897003174
151,151.0,1.9915246963500977
152,152.0,1.96896493434906
153,153.0,1.9892816543579102
154,154.0,2.0697550773620605
155,155.0,1.9903980493545532
156,156.0,1.9613721370697021
157,157.0,2.137784957885742
158,158.0,1.980164647102356
159,159.0,2.017429828643799
160,160.0,2.044010639190674
161,161.0,2.093413829803467
162,162.0,1.904897928237915
163,163.0,1.9673641920089722
164,164.0,1.8905775547027588
165,165.0,1.9887449741363525
166,166.0,1.9313719272613525
167,167.0,2.0258913040161133
168,168.0,1.9758422374725342
169,169.0,1.9775030612945557
170,170.0,1.9842278957366943
171,171.0,1.9744917154312134
172,172.0,2.026381254196167
173,173.0,2.021892786026001
174,174.0,1.9832639694213867
175,175.0,1.958375334739685
176,176.0,1.9722646474838257
177,177.0,1.9946835041046143
178,178.0,1.9106489419937134
179,179.0,1.914672613143921
180,180.0,1.948222041130066
181,181.0,1.9218389987945557
182,182.0,2.011429786682129
183,183.0,1.9206401109695435
184,184.0,1.9186416864395142
185,185.0,2.0151455402374268
186,186.0,1.9431589841842651
187,187.0,1.9945464134216309
188,188.0,2.0488717555999756
189,189.0,1.985425353050232
190,190.0,1.9784176349639893
191,191.0,1.9645973443984985
192,192.0,1.9615238904953003
193,193.0,2.0116419792175293
194,194.0,1.9436661005020142
195,195.0,1.9946672916412354
196,196.0,2.002237558364868
197,197.0,2.0481271743774414
198,198.0,1.967075228691101
199,199.0,1.9790023565292358
200,200.0,1.8845361471176147
201,201.0,1.9350539445877075
202,202.0,2.0189430713653564
203,203.0,1.926086664199829
204,204.0,1.9697283506393433
205,205.0,1.94352388381958
206,206.0,1.8953857421875
207,207.0,1.9157856702804565
208,208.0,1.9194056987762451
209,209.0,1.936382532119751
210,210.0,1.8773082494735718
211,211.0,1.9752484560012817
212,212.0,1.9998581409454346
213,213.0,1.927567958831787
214,214.0,1.9698145389556885
215,215.0,1.8598217964172363
216,216.0,1.9226837158203125
217,217.0,1.9467988014221191
218,218.0,1.8910443782806396
219,219.0,1.9196974039077759
220,220.0,1.8653424978256226
221,221.0,1.9829132556915283
222,222.0,1.86847722530365
223,223.0,1.9688187837600708
224,224.0,2.0153563022613525
225,225.0,1.9895122051239014
226,226.0,1.976592779159546
227,227.0,1.896993637084961
228,228.0,1.9818423986434937
229,229.0,1.980970025062561
230,230.0,1.828613519668579
231,231.0,1.8900725841522217
232,232.0,1.8111547231674194
233,233.0,1.9840582609176636
234,234.0,1.8716778755187988
235,235.0,1.9741424322128296
236,236.0,1.8596103191375732
237,237.0,1.9806764125823975
238,238.0,1.910736083984375
239,239.0,1.8825091123580933
240,240.0,1.9212590456008911
241,241.0,1.8627138137817383
242,242.0,1.9270691871643066
243,243.0,1.984192132949829
244,244.0,1.877698302268982
245,245.0,1.9507287740707397
246,246.0,1.9699883460998535
247,247.0,1.9421818256378174
248,248.0,1.8837023973464966
249,249.0,1.8604410886764526
250,250.0,1.8471208810806274
251,251.0,1.9025325775146484
252,252.0,1.8491933345794678
253,253.0,1.8274866342544556
254,254.0,1.9220048189163208
255,255.0,1.9250943660736084
256,256.0,1.906982183456421
257,257.0,1.9110671281814575
258,258.0,1.8591388463974
259,259.0,1.9350656270980835
260,260.0,1.9076073169708252
261,261.0,1.9077576398849487
262,262.0,1.9472460746765137
263,263.0,1.8847293853759766
264,264.0,1.912129521369934
265,265.0,1.9007700681686401
266,266.0,1.9084900617599487
267,267.0,1.8585941791534424
268,268.0,1.8603512048721313
269,269.0,1.8608489036560059
270,270.0,1.8860903978347778
271,271.0,1.8631279468536377
272,272.0,1.889025330543518
273,273.0,1.9183697700500488
274,274.0,1.8300007581710815
275,275.0,1.8088635206222534
276,276.0,1.9088647365570068
277,277.0,1.8457903861999512
278,278.0,1.8528670072555542
279,279.0,1.847339153289795
280,280.0,1.849192500114441
281,281.0,1.7968038320541382
282,282.0,1.8834507465362549
283,283.0,1.8627445697784424
284,284.0,1.8807176351547241
285,285.0,1.9362156391143799
286,286.0,1.8603657484054565
287,287.0,1.8918527364730835
288,288.0,1.8027372360229492
289,289.0,1.8647129535675049
290,290.0,1.7950729131698608
291,291.0,1.8281651735305786
292,292.0,1.7927290201187134
293,293.0,1.8972676992416382
294,294.0,1.8542877435684204
295,295.0,1.8850640058517456
296,296.0,1.8297380208969116
297,297.0,1.849733591079712
298,298.0,1.8006521463394165
299,299.0,1.7968884706497192
